80
-0.52359877559,0.52359877559,0
1
3,5,4,4
-1.628988155040597,0.5727416735565463,-0.3539384377720367
-0.1944404004200555,0.437232300609677,0.6547475229615469
-0.622398022944832,-0.785490680443347,0.6753100835889287
-0.7682789073057845,0.8023183232638691,0.06866335265350254
0.25267735427278715,0.9942694627539903,0.815260034306668

0.2165235290532721,-0.3848379755660378,-0.36992781340934044,-0.34479894931091404,0.5955669966585133
0.8541320755072437,0.611766691105831,0.5423716931190401,0.8208163349864621,-0.35086199585179134
0.718714478413224,-0.324270081676286,-0.3196801762849937,0.4766090794385178,0.9076328801843017
0.06648656403558828,-0.5339362112591262,-0.005339007621551373,-0.1392181433315305,-0.9920570053521642

0.35048663582657746,-0.653242632476636,0.4473929697441401,-0.5907345388770613
-0.5762443917848199,-0.4608775112320298,0.746401870864754,0.8551052953387936
-0.27717636202293194,0.22501043600039106,-0.2993306410185881,0.9772704346744037
-0.3206643703353462,0.8873156321221294,0.8380243460004726,-0.6351288528058541

-0.52359877559,0.52359877559,0
1
3,5,4,4
-1.628988155040597,0.5727416735565463,-0.3539384377720367
-0.1944404004200555,0.437232300609677,0.6547475229615469
-0.622398022944832,-0.785490680443347,0.6753100835889287
-0.7682789073057845,0.8023183232638691,0.06866335265350254
0.25267735427278715,0.9942694627539903,0.815260034306668

0.2165235290532721,-0.3848379755660378,-0.36992781340934044,-0.34479894931091404,0.5955669966585133
0.8541320755072437,0.611766691105831,0.5423716931190401,0.8208163349864621,-0.35086199585179134
0.718714478413224,-0.324270081676286,-0.3196801762849937,0.4766090794385178,0.9076328801843017
0.06648656403558828,-0.5339362112591262,-0.005339007621551373,-0.1392181433315305,-0.9920570053521642

0.35048663582657746,-0.653242632476636,0.4473929697441401,-0.5907345388770613
-0.5762443917848199,-1.2608775112320298,0.746401870864754,0.8551052953387936
-0.27717636202293194,0.22501043600039106,-0.2993306410185881,0.9772704346744037
-0.3206643703353462,0.8873156321221294,0.8380243460004726,-0.6351288528058541

-0.52359877559,0.52359877559,0
1
3,5,4,4
-1.628988155040597,0.5727416735565463,-0.3539384377720367
-0.1944404004200555,-0.36276769939032305,0.6547475229615469
-0.622398022944832,-0.785490680443347,0.6753100835889287
-0.7682789073057845,0.8023183232638691,0.06866335265350254
0.25267735427278715,1.7942694627539904,1.615260034306668

0.2165235290532721,-0.3848379755660378,-0.36992781340934044,-0.34479894931091404,0.5955669966585133
0.8541320755072437,0.611766691105831,0.5423716931190401,0.8208163349864621,-0.35086199585179134
0.718714478413224,-0.324270081676286,-0.3196801762849937,0.4766090794385178,0.9076328801843017
0.06648656403558828,-0.5339362112591262,-0.005339007621551373,-0.1392181433315305,-0.9920570053521642

0.35048663582657746,-0.653242632476636,0.4473929697441401,-0.5907345388770613
-0.5762443917848199,-0.4608775112320298,0.746401870864754,0.8551052953387936
-0.27717636202293194,0.22501043600039106,-0.2993306410185881,0.9772704346744037
0.4793356296646538,0.8873156321221294,0.8380243460004726,-0.6351288528058541

-0.52359877559,0.52359877559,0
1
3,5,4,4
-1.628988155040597,0.5727416735565463,-0.3539384377720367
-0.1944404004200555,0.437232300609677,0.6547475229615469
-0.622398022944832,-0.785490680443347,0.6753100835889287
-0.7682789073057845,0.8023183232638691,0.06866335265350254
1.0526773542727872,0.9942694627539903,0.815260034306668

0.2165235290532721,-0.3848379755660378,-0.36992781340934044,-0.34479894931091404,0.5955669966585133
0.05413207550724364,0.611766691105831,0.5423716931190401,0.8208163349864621,-0.35086199585179134
0.718714478413224,-0.324270081676286,-0.3196801762849937,0.4766090794385178,0.9076328801843017
0.06648656403558828,-0.5339362112591262,-0.005339007621551373,-0.1392181433315305,-0.9920570053521642

0.35048663582657746,-0.653242632476636,0.4473929697441401,-0.5907345388770613
0.22375560821518015,-0.4608775112320298,-0.053598129135246086,0.8551052953387936
-0.27717636202293194,0.22501043600039106,-0.2993306410185881,0.9772704346744037
-0.3206643703353462,0.8873156321221294,0.8380243460004726,-0.6351288528058541

-0.52359877559,0.52359877559,0
1
3,5,4,4
-1.628988155040597,0.5727416735565463,-0.3539384377720367
-0.1944404004200555,0.437232300609677,0.6547475229615469
-0.622398022944832,-0.785490680443347,0.6753100835889287
-0.7682789073057845,1.6023183232638691,0.06866335265350254
0.25267735427278715,0.9942694627539903,0.815260034306668

0.2165235290532721,-0.3848379755660378,-0.36992781340934044,-0.34479894931091404,0.5955669966585133
0.8541320755072437,-0.188233308894169,0.5423716931190401,0.8208163349864621,-0.35086199585179134
0.718714478413224,-0.324270081676286,-0.3196801762849937,0.4766090794385178,0.9076328801843017
0.06648656403558828,-0.5339362112591262,-0.005339007621551373,-0.1392181433315305,-0.9920570053521642

0.35048663582657746,-0.653242632476636,0.4473929697441401,-0.5907345388770613
-0.5762443917848199,-0.4608775112320298,0.746401870864754,0.8551052953387936
-0.27717636202293194,0.22501043600039106,-0.2993306410185881,0.9772704346744037
-0.3206643703353462,0.8873156321221294,0.03802434600047255,-0.6351288528058541

-0.52359877559,0.52359877559,0
1
3,5,4,4
-1.628988155040597,0.5727416735565463,-0.3539384377720367
-0.1944404004200555,0.437232300609677,0.6547475229615469
-0.622398022944832,-0.785490680443347,0.6753100835889287
-0.7682789073057845,0.8023183232638691,0.8686633526535026
0.25267735427278715,0.9942694627539903,0.815260034306668

0.2165235290532721,-0.3848379755660378,-0.36992781340934044,-0.34479894931091404,0.5955669966585133
0.8541320755072437,0.611766691105831,0.5423716931190401,0.8208163349864621,-0.35086199585179134
0.718714478413224,-0.324270081676286,-0.3196801762849937,0.4766090794385178,0.9076328801843017
0.06648656403558828,-0.5339362112591262,-0.005339007621551373,-0.1392181433315305,-0.9920570053521642

0.35048663582657746,-0.653242632476636,0.4473929697441401,-0.5907345388770613
-0.5762443917848199,-0.4608775112320298,0.746401870864754,0.8551052953387936
-0.27717636202293194,0.22501043600039106,-0.2993306410185881,0.9772704346744037
-0.3206643703353462,0.8873156321221294,0.8380243460004726,-0.6351288528058541

-0.52359877559,0.52359877559,0
1
3,5,4,4
-1.628988155040597,0.5727416735565463,-0.3539384377720367
-0.1944404004200555,0.437232300609677,0.6547475229615469
-0.622398022944832,-0.785490680443347,0.6753100835889287
0.031721092694215525,0.8023183232638691,0.06866335265350254
0.25267735427278715,1.7942694627539904,0.815260034306668

0.2165235290532721,-0.3848379755660378,-0.36992781340934044,-0.34479894931091404,0.5955669966585133
0.8541320755072437,0.611766691105831,-0.25762830688095995,0.8208163349864621,-0.35086199585179134
0.718714478413224,-0.324270081676286,-0.3196801762849937,0.4766090794385178,0.9076328801843017
0.06648656403558828,-0.5339362112591262,-0.005339007621551373,-0.1392181433315305,-0.9920570053521642

0.35048663582657746,-0.653242632476636,0.4473929697441401,-1.3907345388770613
-0.5762443917848199,-0.4608775112320298,0.746401870864754,0.8551052953387936
-0.27717636202293194,0.22501043600039106,-0.2993306410185881,0.9772704346744037
-0.3206643703353462,0.8873156321221294,0.8380243460004726,-0.6351288528058541

-0.52359877559,0.52359877559,0
1
3,5,4,4
-1.628988155040597,0.5727416735565463,-0.3539384377720367
-0.1944404004200555,0.437232300609677,0.6547475229615469
-1.422398022944832,-1.585490680443347,0.6753100835889287
-1.5682789073057846,0.8023183232638691,0.06866335265350254
0.25267735427278715,0.9942694627539903,0.815260034306668

0.2165235290532721,-0.3848379755660378,0.4300721865906596,-0.34479894931091404,0.5955669966585133
0.8541320755072437,0.611766691105831,0.5423716931190401,0.8208163349864621,-0.35086199585179134
0.718714478413224,-0.324270081676286,-0.3196801762849937,0.4766090794385178,0.9076328801843017
0.06648656403558828,-1.3339362112591262,-0.005339007621551373,-0.1392181433315305,-0.9920570053521642

0.35048663582657746,-0.653242632476636,0.4473929697441401,-0.5907345388770613
-0.5762443917848199,-0.4608775112320298,0.746401870864754,0.8551052953387936
-0.27717636202293194,0.22501043600039106,-0.2993306410185881,0.9772704346744037
-0.3206643703353462,0.8873156321221294,0.8380243460004726,-1.4351288528058541

-0.52359877559,0.52359877559,0
1
3,5,4,4
-1.628988155040597,0.5727416735565463,-0.3539384377720367
-0.1944404004200555,0.437232300609677,0.6547475229615469
-0.622398022944832,-0.785490680443347,-0.1246899164110713
-0.7682789073057845,0.8023183232638691,0.06866335265350254
-0.5473226457272129,0.9942694627539903,0.815260034306668

0.2165235290532721,-0.3848379755660378,-0.36992781340934044,-0.34479894931091404,0.5955669966585133
0.8541320755072437,-0.188233308894169,0.5423716931190401,0.8208163349864621,-0.35086199585179134
0.718714478413224,-0.324270081676286,-0.3196801762849937,0.4766090794385178,0.9076328801843017
0.06648656403558828,-0.5339362112591262,-0.005339007621551373,-0.1392181433315305,-0.9920570053521642

0.35048663582657746,-0.653242632476636,0.4473929697441401,0.20926546112293876
-0.5762443917848199,-1.2608775112320298,0.746401870864754,0.8551052953387936
-0.27717636202293194,-0.574989563999609,-0.2993306410185881,0.9772704346744037
-0.3206643703353462,0.8873156321221294,1.6380243460004726,-1.4351288528058541

-0.52359877559,0.52359877559,0
1
3,5,4,4
-1.628988155040597,0.5727416735565463,-0.3539384377720367
-0.1944404004200555,0.437232300609677,1.454747522961547
-0.622398022944832,-0.785490680443347,0.6753100835889287
-0.7682789073057845,1.6023183232638691,0.06866335265350254
0.25267735427278715,0.9942694627539903,0.815260034306668

0.2165235290532721,-0.3848379755660378,-0.36992781340934044,-0.34479894931091404,0.5955669966585133
0.8541320755072437,0.611766691105831,0.5423716931190401,0.8208163349864621,-0.35086199585179134
0.718714478413224,-0.324270081676286,-0.3196801762849937,0.4766090794385178,0.9076328801843017
0.06648656403558828,-0.5339362112591262,-0.005339007621551373,-0.1392181433315305,-0.9920570053521642

0.35048663582657746,-0.653242632476636,0.4473929697441401,-0.5907345388770613
-0.5762443917848199,-0.4608775112320298,0.746401870864754,0.8551052953387936
0.5228236379770681,1.025010436000391,-0.2993306410185881,0.9772704346744037
-0.3206643703353462,0.8873156321221294,0.8380243460004726,-0.6351288528058541

-0.52359877559,0.52359877559,0
1
3,5,4,4
-1.628988155040597,0.5727416735565463,-0.3539384377720367
-0.1944404004200555,0.437232300609677,0.6547475229615469
-0.622398022944832,-0.785490680443347,0.6753100835889287
-0.7682789073057845,0.8023183232638691,0.06866335265350254
0.25267735427278715,0.9942694627539903,0.815260034306668

0.2165235290532721,-0.3848379755660378,-0.36992781340934044,-0.34479894931091404,0.5955669966585133
0.8541320755072437,0.611766691105831,0.5423716931190401,0.8208163349864621,-0.35086199585179134
0.718714478413224,-0.324270081676286,-0.3196801762849937,0.4766090794385178,0.9076328801843017
0.06648656403558828,-0.5339362112591262,-0.005339007621551373,-0.1392181433315305,-0.9920570053521642

0.35048663582657746,-0.653242632476636,0.4473929697441401,-0.5907345388770613
-0.5762443917848199,-0.4608775112320298,0.746401870864754,0.8551052953387936
-0.27717636202293194,-0.574989563999609,-1.0993306410185881,0.9772704346744037
-0.3206643703353462,0.08731563212212934,0.8380243460004726,-0.6351288528058541

-0.52359877559,0.52359877559,0
1
3,5,4,4
-1.628988155040597,0.5727416735565463,-0.3539384377720367
-0.1944404004200555,0.437232300609677,0.6547475229615469
-0.622398022944832,-0.785490680443347,0.6753100835889287
-0.7682789073057845,0.8023183232638691,0.06866335265350254
-0.5473226457272129,0.9942694627539903,0.815260034306668

0.2165235290532721,-0.3848379755660378,-0.36992781340934044,-0.34479894931091404,0.5955669966585133
0.8541320755072437,0.611766691105831,0.5423716931190401,0.8208163349864621,-0.35086199585179134
0.718714478413224,-0.324270081676286,-0.3196801762849937,0.4766090794385178,0.9076328801843017
0.06648656403558828,-0.5339362112591262,-0.005339007621551373,-0.1392181433315305,-0.9920570053521642

0.35048663582657746,-0.653242632476636,0.4473929697441401,-0.5907345388770613
-0.5762443917848199,-1.2608775112320298,0.746401870864754,0.8551052953387936
0.5228236379770681,0.22501043600039106,-0.2993306410185881,0.9772704346744037
-0.3206643703353462,0.8873156321221294,0.8380243460004726,-0.6351288528058541

-0.52359877559,0.52359877559,0
1
3,5,4,4
-2.4289881550405967,0.5727416735565463,-0.3539384377720367
-0.1944404004200555,0.437232300609677,0.6547475229615469
-0.622398022944832,-0.785490680443347,-0.1246899164110713
-0.7682789073057845,0.8023183232638691,0.06866335265350254
0.25267735427278715,0.9942694627539903,0.015260034306668002

0.2165235290532721,-0.3848379755660378,-0.36992781340934044,-0.34479894931091404,0.5955669966585133
0.8541320755072437,1.411766691105831,0.5423716931190401,0.8208163349864621,-0.35086199585179134
-0.08128552158677604,-0.324270081676286,-0.3196801762849937,0.4766090794385178,0.9076328801843017
0.06648656403558828,-0.5339362112591262,-0.005339007621551373,-0.1392181433315305,-0.9920570053521642

0.35048663582657746,-0.653242632476636,0.4473929697441401,-0.5907345388770613
-0.5762443917848199,-0.4608775112320298,0.746401870864754,0.8551052953387936
-0.27717636202293194,0.22501043600039106,-0.2993306410185881,0.17727043467440362
-0.3206643703353462,0.8873156321221294,0.8380243460004726,-0.6351288528058541

-0.52359877559,0.52359877559,0
1
3,5,4,4
-1.628988155040597,0.5727416735565463,-0.3539384377720367
-0.1944404004200555,0.437232300609677,0.6547475229615469
-0.622398022944832,-0.785490680443347,0.6753100835889287
-0.7682789073057845,0.8023183232638691,0.06866335265350254
0.25267735427278715,0.9942694627539903,0.815260034306668

0.2165235290532721,-0.3848379755660378,-0.36992781340934044,-0.34479894931091404,0.5955669966585133
0.8541320755072437,0.611766691105831,0.5423716931190401,0.8208163349864621,-0.35086199585179134
0.718714478413224,-1.124270081676286,-0.3196801762849937,0.4766090794385178,0.9076328801843017
0.06648656403558828,-0.5339362112591262,-0.005339007621551373,-0.1392181433315305,-0.9920570053521642

0.35048663582657746,0.146757367523364,0.4473929697441401,-0.5907345388770613
-0.5762443917848199,0.33912248876797024,0.746401870864754,0.8551052953387936
-0.27717636202293194,0.22501043600039106,-0.2993306410185881,0.9772704346744037
-0.3206643703353462,0.8873156321221294,0.8380243460004726,-0.6351288528058541

-0.52359877559,0.52359877559,0
1
3,5,4,4
-1.628988155040597,0.5727416735565463,-1.1539384377720368
-0.1944404004200555,0.437232300609677,0.6547475229615469
-0.622398022944832,-0.785490680443347,0.6753100835889287
-0.7682789073057845,0.8023183232638691,0.06866335265350254
0.25267735427278715,0.9942694627539903,0.815260034306668

0.2165235290532721,-1.1848379755660379,-0.36992781340934044,-0.34479894931091404,1.3955669966585134
0.8541320755072437,0.611766691105831,0.5423716931190401,0.8208163349864621,-0.35086199585179134
0.718714478413224,-0.324270081676286,-1.1196801762849937,0.4766090794385178,0.9076328801843017
0.06648656403558828,-0.5339362112591262,-0.005339007621551373,-0.1392181433315305,-0.9920570053521642

0.35048663582657746,-0.653242632476636,0.4473929697441401,-0.5907345388770613
-0.5762443917848199,-0.4608775112320298,0.746401870864754,0.8551052953387936
-0.27717636202293194,0.22501043600039106,-0.2993306410185881,0.9772704346744037
-0.3206643703353462,0.8873156321221294,0.8380243460004726,0.16487114719414597

-0.52359877559,0.52359877559,0
1
3,5,4,4
-1.628988155040597,0.5727416735565463,-0.3539384377720367
-0.1944404004200555,0.437232300609677,0.6547475229615469
-0.622398022944832,-0.785490680443347,0.6753100835889287
-0.7682789073057845,0.8023183232638691,0.06866335265350254
0.25267735427278715,0.9942694627539903,0.815260034306668

0.2165235290532721,-0.3848379755660378,-0.36992781340934044,-0.34479894931091404,0.5955669966585133
0.8541320755072437,0.611766691105831,0.5423716931190401,0.8208163349864621,-0.35086199585179134
0.718714478413224,-0.324270081676286,-0.3196801762849937,0.4766090794385178,0.9076328801843017
0.06648656403558828,-0.5339362112591262,-0.005339007621551373,-0.1392181433315305,-0.9920570053521642

0.35048663582657746,-0.653242632476636,0.4473929697441401,-0.5907345388770613
-0.5762443917848199,0.33912248876797024,1.546401870864754,0.8551052953387936
-0.27717636202293194,0.22501043600039106,-0.2993306410185881,0.9772704346744037
-0.3206643703353462,0.8873156321221294,0.8380243460004726,-0.6351288528058541

-0.52359877559,0.52359877559,0
1
3,5,4,4
-1.628988155040597,0.5727416735565463,-1.1539384377720368
-0.9944404004200555,0.437232300609677,0.6547475229615469
-0.622398022944832,-0.785490680443347,1.4753100835889288
-0.7682789073057845,0.8023183232638691,0.06866335265350254
0.25267735427278715,0.9942694627539903,0.815260034306668

0.2165235290532721,-0.3848379755660378,-0.36992781340934044,-0.34479894931091404,0.5955669966585133
0.8541320755072437,0.611766691105831,0.5423716931190401,0.8208163349864621,-0.35086199585179134
0.718714478413224,-0.324270081676286,-0.3196801762849937,0.4766090794385178,0.9076328801843017
0.06648656403558828,-0.5339362112591262,-0.005339007621551373,-0.1392181433315305,-0.9920570053521642

1.1504866358265775,-0.653242632476636,0.4473929697441401,-0.5907345388770613
-0.5762443917848199,-0.4608775112320298,0.746401870864754,1.6551052953387937
-0.27717636202293194,0.22501043600039106,-0.2993306410185881,0.9772704346744037
-0.3206643703353462,0.8873156321221294,0.8380243460004726,-0.6351288528058541

-0.52359877559,0.52359877559,0
1
3,5,4,4
-1.628988155040597,0.5727416735565463,-0.3539384377720367
-0.1944404004200555,0.437232300609677,0.6547475229615469
-0.622398022944832,-0.785490680443347,0.6753100835889287
-0.7682789073057845,0.8023183232638691,0.06866335265350254
0.25267735427278715,0.9942694627539903,0.815260034306668

0.2165235290532721,-0.3848379755660378,-0.36992781340934044,-0.34479894931091404,0.5955669966585133
0.8541320755072437,0.611766691105831,0.5423716931190401,0.8208163349864621,-0.35086199585179134
0.718714478413224,-0.324270081676286,-0.3196801762849937,0.4766090794385178,0.9076328801843017
0.06648656403558828,-0.5339362112591262,-0.005339007621551373,-0.1392181433315305,-0.9920570053521642

0.35048663582657746,-0.653242632476636,0.4473929697441401,-0.5907345388770613
-0.5762443917848199,-0.4608775112320298,0.746401870864754,0.8551052953387936
-0.27717636202293194,0.22501043600039106,-0.2993306410185881,0.9772704346744037
-0.3206643703353462,0.8873156321221294,0.8380243460004726,-0.6351288528058541

-0.52359877559,0.52359877559,0
1
3,5,4,4
-1.628988155040597,0.5727416735565463,-0.3539384377720367
-0.1944404004200555,0.437232300609677,0.6547475229615469
-0.622398022944832,-0.785490680443347,0.6753100835889287
-0.7682789073057845,0.8023183232638691,0.8686633526535026
0.25267735427278715,0.9942694627539903,0.815260034306668

0.2165235290532721,-0.3848379755660378,-0.36992781340934044,-0.34479894931091404,0.5955669966585133
0.05413207550724364,0.611766691105831,0.5423716931190401,0.8208163349864621,-0.35086199585179134
0.718714478413224,-0.324270081676286,-0.3196801762849937,0.4766090794385178,0.9076328801843017
0.06648656403558828,-0.5339362112591262,-0.005339007621551373,-0.1392181433315305,-0.9920570053521642

0.35048663582657746,-0.653242632476636,0.4473929697441401,-0.5907345388770613
-0.5762443917848199,-0.4608775112320298,0.746401870864754,0.8551052953387936
-0.27717636202293194,0.22501043600039106,-0.2993306410185881,0.9772704346744037
-0.3206643703353462,0.8873156321221294,0.8380243460004726,-0.6351288528058541

-0.52359877559,0.52359877559,0
1
3,5,4,4
-1.628988155040597,0.5727416735565463,-0.3539384377720367
-0.9944404004200555,0.437232300609677,0.6547475229615469
-0.622398022944832,-0.785490680443347,0.6753100835889287
-0.7682789073057845,0.0023183232638690487,0.06866335265350254
0.25267735427278715,0.9942694627539903,0.815260034306668

0.2165235290532721,-0.3848379755660378,-0.36992781340934044,-0.34479894931091404,0.5955669966585133
0.8541320755072437,0.611766691105831,0.5423716931190401,0.8208163349864621,-0.35086199585179134
0.718714478413224,-0.324270081676286,-0.3196801762849937,0.4766090794385178,0.10763288018430162
0.06648656403558828,-1.3339362112591262,-0.005339007621551373,-0.1392181433315305,-0.9920570053521642

0.35048663582657746,-0.653242632476636,0.4473929697441401,-0.5907345388770613
-0.5762443917848199,-0.4608775112320298,0.746401870864754,0.8551052953387936
-0.27717636202293194,0.22501043600039106,-0.2993306410185881,0.9772704346744037
-0.3206643703353462,0.8873156321221294,0.8380243460004726,-1.4351288528058541

-0.52359877559,0.52359877559,0
1
3,5,4,4
-1.628988155040597,1.3727416735565463,-0.3539384377720367
-0.9944404004200555,0.437232300609677,0.6547475229615469
-0.622398022944832,-0.785490680443347,0.6753100835889287
-0.7682789073057845,0.8023183232638691,0.06866335265350254
0.25267735427278715,0.9942694627539903,1.615260034306668

0.2165235290532721,-0.3848379755660378,-0.36992781340934044,-0.34479894931091404,0.5955669966585133
0.8541320755072437,0.611766691105831,0.5423716931190401,0.8208163349864621,-0.35086199585179134
0.718714478413224,-0.324270081676286,-0.3196801762849937,0.4766090794385178,0.9076328801843017
0.06648656403558828,-0.5339362112591262,-0.005339007621551373,-0.1392181433315305,-0.9920570053521642

0.35048663582657746,-0.653242632476636,0.4473929697441401,-0.5907345388770613
-0.5762443917848199,-0.4608775112320298,0.746401870864754,0.8551052953387936
-0.27717636202293194,0.22501043600039106,-0.2993306410185881,0.9772704346744037
-0.3206643703353462,0.8873156321221294,0.8380243460004726,-0.6351288528058541

-0.52359877559,0.52359877559,0
1
3,5,4,4
-1.628988155040597,0.5727416735565463,-1.1539384377720368
-0.1944404004200555,0.437232300609677,0.6547475229615469
-0.622398022944832,-0.785490680443347,0.6753100835889287
-0.7682789073057845,0.8023183232638691,0.06866335265350254
0.25267735427278715,0.9942694627539903,0.815260034306668

0.2165235290532721,-0.3848379755660378,-0.36992781340934044,-0.34479894931091404,0.5955669966585133
0.8541320755072437,0.611766691105831,0.5423716931190401,0.8208163349864621,0.4491380041482087
0.718714478413224,-1.124270081676286,-0.3196801762849937,0.4766090794385178,0.9076328801843017
0.06648656403558828,-0.5339362112591262,-0.005339007621551373,-0.1392181433315305,-0.9920570053521642

0.35048663582657746,-0.653242632476636,0.4473929697441401,-0.5907345388770613
-0.5762443917848199,-0.4608775112320298,0.746401870864754,0.8551052953387936
-0.27717636202293194,0.22501043600039106,-0.2993306410185881,0.17727043467440362
-0.3206643703353462,0.8873156321221294,0.8380243460004726,-0.6351288528058541

-0.52359877559,0.52359877559,0
1
3,5,4,4
-1.628988155040597,0.5727416735565463,-0.3539384377720367
-0.1944404004200555,0.437232300609677,0.6547475229615469
-0.622398022944832,-0.785490680443347,0.6753100835889287
-0.7682789073057845,0.8023183232638691,0.06866335265350254
0.25267735427278715,0.19426946275399026,0.815260034306668

0.2165235290532721,-0.3848379755660378,-0.36992781340934044,-0.34479894931091404,0.5955669966585133
0.05413207550724364,0.611766691105831,0.5423716931190401,0.8208163349864621,-0.35086199585179134
0.718714478413224,-0.324270081676286,-0.3196801762849937,1.2766090794385179,0.10763288018430162
0.06648656403558828,-0.5339362112591262,-0.005339007621551373,-0.9392181433315305,-0.9920570053521642

0.35048663582657746,0.146757367523364,0.4473929697441401,-1.3907345388770613
-0.5762443917848199,-0.4608775112320298,0.746401870864754,0.8551052953387936
-0.27717636202293194,0.22501043600039106,-0.2993306410185881,0.9772704346744037
-0.3206643703353462,0.8873156321221294,0.8380243460004726,-0.6351288528058541

-0.52359877559,0.52359877559,0
1
3,5,4,4
-1.628988155040597,0.5727416735565463,-0.3539384377720367
-0.1944404004200555,0.437232300609677,0.6547475229615469
-0.622398022944832,-0.785490680443347,0.6753100835889287
-0.7682789073057845,0.8023183232638691,0.06866335265350254
0.25267735427278715,0.9942694627539903,0.815260034306668

0.2165235290532721,-0.3848379755660378,-1.1699278134093405,-0.34479894931091404,0.5955669966585133
0.8541320755072437,0.611766691105831,0.5423716931190401,0.8208163349864621,-0.35086199585179134
0.718714478413224,-0.324270081676286,-0.3196801762849937,0.4766090794385178,0.9076328801843017
0.06648656403558828,-0.5339362112591262,-0.005339007621551373,-0.1392181433315305,-0.9920570053521642

0.35048663582657746,-0.653242632476636,0.4473929697441401,-0.5907345388770613
-0.5762443917848199,-0.4608775112320298,0.746401870864754,0.8551052953387936
-0.27717636202293194,0.22501043600039106,-0.2993306410185881,0.9772704346744037
-0.3206643703353462,0.8873156321221294,0.8380243460004726,-0.6351288528058541

-0.52359877559,0.52359877559,0
1
3,5,4,4
-0.8289881550405969,0.5727416735565463,-0.3539384377720367
-0.1944404004200555,0.437232300609677,0.6547475229615469
-0.622398022944832,-0.785490680443347,0.6753100835889287
-0.7682789073057845,0.8023183232638691,0.06866335265350254
0.25267735427278715,0.9942694627539903,0.815260034306668

0.2165235290532721,-0.3848379755660378,-0.36992781340934044,-0.34479894931091404,0.5955669966585133
0.8541320755072437,0.611766691105831,0.5423716931190401,0.8208163349864621,-0.35086199585179134
1.518714478413224,-0.324270081676286,-0.3196801762849937,0.4766090794385178,0.9076328801843017
0.06648656403558828,-0.5339362112591262,-0.005339007621551373,-0.1392181433315305,-0.9920570053521642

0.35048663582657746,-0.653242632476636,0.4473929697441401,-0.5907345388770613
-0.5762443917848199,-0.4608775112320298,0.746401870864754,0.8551052953387936
-0.27717636202293194,0.22501043600039106,-0.2993306410185881,0.9772704346744037
-0.3206643703353462,0.8873156321221294,0.8380243460004726,-0.6351288528058541

-0.52359877559,0.52359877559,0
1
3,5,4,4
-1.628988155040597,0.5727416735565463,-0.3539384377720367
-0.1944404004200555,0.437232300609677,0.6547475229615469
-0.622398022944832,-0.785490680443347,0.6753100835889287
-0.7682789073057845,0.8023183232638691,0.06866335265350254
0.25267735427278715,0.9942694627539903,0.815260034306668

0.2165235290532721,-0.3848379755660378,-0.36992781340934044,-0.34479894931091404,0.5955669966585133
0.8541320755072437,0.611766691105831,0.5423716931190401,0.8208163349864621,-0.35086199585179134
-0.08128552158677604,-0.324270081676286,-0.3196801762849937,0.4766090794385178,0.9076328801843017
0.06648656403558828,-0.5339362112591262,-0.005339007621551373,-0.1392181433315305,-0.9920570053521642

0.35048663582657746,-0.653242632476636,0.4473929697441401,-0.5907345388770613
-0.5762443917848199,0.33912248876797024,0.746401870864754,0.8551052953387936
-0.27717636202293194,0.22501043600039106,-0.2993306410185881,0.9772704346744037
-0.3206643703353462,0.8873156321221294,0.8380243460004726,-0.6351288528058541

-0.52359877559,0.52359877559,0
1
3,5,4,4
-1.628988155040597,0.5727416735565463,-1.1539384377720368
-0.1944404004200555,0.437232300609677,0.6547475229615469
-0.622398022944832,-0.785490680443347,0.6753100835889287
-0.7682789073057845,0.8023183232638691,0.06866335265350254
0.25267735427278715,0.9942694627539903,0.815260034306668

0.2165235290532721,-0.3848379755660378,-0.36992781340934044,-0.34479894931091404,0.5955669966585133
0.8541320755072437,0.611766691105831,0.5423716931190401,0.8208163349864621,-0.35086199585179134
0.718714478413224,-0.324270081676286,-0.3196801762849937,0.4766090794385178,0.9076328801843017
0.06648656403558828,-0.5339362112591262,-0.005339007621551373,-0.1392181433315305,-1.7920570053521643

0.35048663582657746,-0.653242632476636,0.4473929697441401,-0.5907345388770613
-0.5762443917848199,-0.4608775112320298,0.746401870864754,0.8551052953387936
-0.27717636202293194,0.22501043600039106,-0.2993306410185881,0.9772704346744037
-0.3206643703353462,0.8873156321221294,0.8380243460004726,-0.6351288528058541

-0.52359877559,0.52359877559,0
1
3,5,4,4
-1.628988155040597,0.5727416735565463,-0.3539384377720367
-0.1944404004200555,0.437232300609677,0.6547475229615469
-0.622398022944832,-0.785490680443347,0.6753100835889287
-0.7682789073057845,0.8023183232638691,0.06866335265350254
0.25267735427278715,0.9942694627539903,0.815260034306668

0.2165235290532721,-0.3848379755660378,-0.36992781340934044,-0.34479894931091404,0.5955669966585133
0.8541320755072437,0.611766691105831,0.5423716931190401,0.8208163349864621,-0.35086199585179134
0.718714478413224,-0.324270081676286,-0.3196801762849937,0.4766090794385178,0.9076328801843017
0.06648656403558828,-0.5339362112591262,-0.005339007621551373,-0.1392181433315305,-0.9920570053521642

0.35048663582657746,-0.653242632476636,-0.35260703025585993,-0.5907345388770613
-0.5762443917848199,-0.4608775112320298,0.746401870864754,0.8551052953387936
-0.27717636202293194,0.22501043600039106,-0.2993306410185881,0.9772704346744037
-0.3206643703353462,0.8873156321221294,0.8380243460004726,-0.6351288528058541

-0.52359877559,0.52359877559,0
1
3,5,4,4
-1.628988155040597,0.5727416735565463,-0.3539384377720367
-0.1944404004200555,0.437232300609677,0.6547475229615469
-0.622398022944832,-1.585490680443347,0.6753100835889287
-0.7682789073057845,1.6023183232638691,0.06866335265350254
0.25267735427278715,0.9942694627539903,0.815260034306668

0.2165235290532721,-0.3848379755660378,-0.36992781340934044,-0.34479894931091404,0.5955669966585133
0.8541320755072437,0.611766691105831,-0.25762830688095995,1.6208163349864622,-0.35086199585179134
0.718714478413224,-0.324270081676286,-0.3196801762849937,0.4766090794385178,0.9076328801843017
0.06648656403558828,-0.5339362112591262,-0.005339007621551373,-0.1392181433315305,-0.9920570053521642

0.35048663582657746,-0.653242632476636,0.4473929697441401,-0.5907345388770613
-0.5762443917848199,-0.4608775112320298,1.546401870864754,0.8551052953387936
-0.27717636202293194,0.22501043600039106,-0.2993306410185881,0.9772704346744037
-0.3206643703353462,0.08731563212212934,0.8380243460004726,-0.6351288528058541

-0.52359877559,0.52359877559,0
1
3,5,4,4
-1.628988155040597,0.5727416735565463,-0.3539384377720367
-0.1944404004200555,0.437232300609677,0.6547475229615469
-1.422398022944832,-0.785490680443347,0.6753100835889287
-0.7682789073057845,0.8023183232638691,0.06866335265350254
1.0526773542727872,0.9942694627539903,0.815260034306668

0.2165235290532721,-0.3848379755660378,-0.36992781340934044,-0.34479894931091404,0.5955669966585133
0.8541320755072437,0.611766691105831,0.5423716931190401,0.8208163349864621,-0.35086199585179134
0.718714478413224,-0.324270081676286,-1.1196801762849937,0.4766090794385178,0.9076328801843017
0.06648656403558828,-0.5339362112591262,0.7946609923784487,-0.1392181433315305,-0.9920570053521642

0.35048663582657746,-0.653242632476636,0.4473929697441401,-0.5907345388770613
-1.37624439178482,-0.4608775112320298,0.746401870864754,0.8551052953387936
-0.27717636202293194,0.22501043600039106,-0.2993306410185881,0.9772704346744037
-0.3206643703353462,0.8873156321221294,0.8380243460004726,-0.6351288528058541

-0.52359877559,0.52359877559,0
1
3,5,4,4
-1.628988155040597,0.5727416735565463,-0.3539384377720367
-0.1944404004200555,0.437232300609677,-0.14525247703845312
-0.622398022944832,-0.785490680443347,0.6753100835889287
-0.7682789073057845,0.8023183232638691,-0.7313366473464975
0.25267735427278715,0.9942694627539903,0.815260034306668

0.2165235290532721,-0.3848379755660378,-0.36992781340934044,-0.34479894931091404,0.5955669966585133
0.8541320755072437,0.611766691105831,0.5423716931190401,0.8208163349864621,-0.35086199585179134
0.718714478413224,-0.324270081676286,-0.3196801762849937,0.4766090794385178,0.9076328801843017
0.06648656403558828,-0.5339362112591262,-0.005339007621551373,-0.1392181433315305,-0.9920570053521642

0.35048663582657746,-0.653242632476636,0.4473929697441401,-0.5907345388770613
-0.5762443917848199,-1.2608775112320298,0.746401870864754,0.0551052953387936
-0.27717636202293194,0.22501043600039106,-0.2993306410185881,0.9772704346744037
-0.3206643703353462,0.8873156321221294,0.8380243460004726,0.16487114719414597

-0.52359877559,0.52359877559,0
1
3,5,4,4
-1.628988155040597,0.5727416735565463,-0.3539384377720367
-0.1944404004200555,0.437232300609677,0.6547475229615469
-0.622398022944832,-0.785490680443347,0.6753100835889287
-0.7682789073057845,0.8023183232638691,0.06866335265350254
0.25267735427278715,0.19426946275399026,0.815260034306668

0.2165235290532721,-0.3848379755660378,-0.36992781340934044,-0.34479894931091404,0.5955669966585133
0.8541320755072437,0.611766691105831,1.3423716931190401,0.02081633498646207,-0.35086199585179134
0.718714478413224,-0.324270081676286,-0.3196801762849937,0.4766090794385178,0.9076328801843017
0.06648656403558828,-0.5339362112591262,-0.005339007621551373,0.6607818566684696,-0.9920570053521642

-0.4495133641734226,-0.653242632476636,0.4473929697441401,-0.5907345388770613
-0.5762443917848199,-0.4608775112320298,0.746401870864754,0.8551052953387936
-0.27717636202293194,-0.574989563999609,0.500669358981412,0.9772704346744037
0.4793356296646538,0.8873156321221294,0.8380243460004726,-0.6351288528058541

-0.52359877559,0.52359877559,0
1
3,5,4,4
-1.628988155040597,0.5727416735565463,-0.3539384377720367
-0.1944404004200555,0.437232300609677,0.6547475229615469
-0.622398022944832,-0.785490680443347,0.6753100835889287
-0.7682789073057845,0.8023183232638691,0.8686633526535026
0.25267735427278715,0.9942694627539903,0.815260034306668

0.2165235290532721,-0.3848379755660378,-0.36992781340934044,0.455201050689086,0.5955669966585133
0.8541320755072437,0.611766691105831,0.5423716931190401,0.8208163349864621,-0.35086199585179134
0.718714478413224,-0.324270081676286,-0.3196801762849937,0.4766090794385178,0.9076328801843017
0.06648656403558828,-0.5339362112591262,-0.005339007621551373,-0.1392181433315305,-0.9920570053521642

0.35048663582657746,-0.653242632476636,1.2473929697441402,-0.5907345388770613
-0.5762443917848199,-0.4608775112320298,0.746401870864754,0.8551052953387936
-0.27717636202293194,0.22501043600039106,-0.2993306410185881,0.9772704346744037
-0.3206643703353462,0.8873156321221294,0.8380243460004726,-0.6351288528058541

-0.52359877559,0.52359877559,0
1
3,5,4,4
-1.628988155040597,0.5727416735565463,-0.3539384377720367
-0.1944404004200555,0.437232300609677,0.6547475229615469
-0.622398022944832,-0.785490680443347,0.6753100835889287
-0.7682789073057845,0.0023183232638690487,0.06866335265350254
0.25267735427278715,0.9942694627539903,0.815260034306668

0.2165235290532721,-0.3848379755660378,-0.36992781340934044,-0.34479894931091404,0.5955669966585133
0.8541320755072437,0.611766691105831,0.5423716931190401,0.8208163349864621,-0.35086199585179134
0.718714478413224,-0.324270081676286,-0.3196801762849937,0.4766090794385178,0.9076328801843017
0.06648656403558828,-0.5339362112591262,-0.005339007621551373,0.6607818566684696,-0.9920570053521642

0.35048663582657746,-0.653242632476636,0.4473929697441401,-0.5907345388770613
-0.5762443917848199,-0.4608775112320298,0.746401870864754,0.8551052953387936
-0.27717636202293194,0.22501043600039106,-0.2993306410185881,0.17727043467440362
-0.3206643703353462,0.8873156321221294,0.8380243460004726,-0.6351288528058541

-0.52359877559,0.52359877559,0
1
3,5,4,4
-1.628988155040597,0.5727416735565463,-0.3539384377720367
-0.1944404004200555,0.437232300609677,0.6547475229615469
-0.622398022944832,-0.785490680443347,0.6753100835889287
-0.7682789073057845,0.0023183232638690487,0.06866335265350254
0.25267735427278715,0.9942694627539903,0.815260034306668

0.2165235290532721,-0.3848379755660378,-0.36992781340934044,-1.144798949310914,0.5955669966585133
0.8541320755072437,0.611766691105831,0.5423716931190401,0.8208163349864621,-0.35086199585179134
0.718714478413224,-0.324270081676286,-0.3196801762849937,1.2766090794385179,0.9076328801843017
0.06648656403558828,-0.5339362112591262,-0.005339007621551373,-0.9392181433315305,-0.9920570053521642

0.35048663582657746,-0.653242632476636,0.4473929697441401,-0.5907345388770613
-0.5762443917848199,-0.4608775112320298,-0.053598129135246086,0.8551052953387936
-0.27717636202293194,0.22501043600039106,-0.2993306410185881,0.9772704346744037
-0.3206643703353462,0.8873156321221294,0.8380243460004726,-0.6351288528058541

-0.52359877559,0.52359877559,0
1
3,5,4,4
-1.628988155040597,0.5727416735565463,-0.3539384377720367
-0.1944404004200555,0.437232300609677,0.6547475229615469
-0.622398022944832,-0.785490680443347,0.6753100835889287
0.031721092694215525,0.8023183232638691,0.06866335265350254
0.25267735427278715,0.9942694627539903,0.815260034306668

0.2165235290532721,-0.3848379755660378,-0.36992781340934044,-0.34479894931091404,0.5955669966585133
0.8541320755072437,0.611766691105831,0.5423716931190401,0.8208163349864621,-0.35086199585179134
0.718714478413224,-0.324270081676286,-0.3196801762849937,0.4766090794385178,0.9076328801843017
0.06648656403558828,-0.5339362112591262,-0.005339007621551373,-0.1392181433315305,-0.9920570053521642

0.35048663582657746,-0.653242632476636,0.4473929697441401,-0.5907345388770613
-0.5762443917848199,-0.4608775112320298,0.746401870864754,0.8551052953387936
-0.27717636202293194,0.22501043600039106,-0.2993306410185881,0.9772704346744037
-0.3206643703353462,0.8873156321221294,0.8380243460004726,-0.6351288528058541

-0.52359877559,0.52359877559,0
1
3,5,4,4
-1.628988155040597,0.5727416735565463,-0.3539384377720367
-0.1944404004200555,0.437232300609677,0.6547475229615469
-0.622398022944832,-0.785490680443347,0.6753100835889287
-0.7682789073057845,0.8023183232638691,0.06866335265350254
0.25267735427278715,0.9942694627539903,0.815260034306668

0.2165235290532721,-0.3848379755660378,-0.36992781340934044,-0.34479894931091404,0.5955669966585133
0.8541320755072437,1.411766691105831,0.5423716931190401,0.8208163349864621,-0.35086199585179134
0.718714478413224,-0.324270081676286,-0.3196801762849937,0.4766090794385178,0.9076328801843017
0.06648656403558828,-1.3339362112591262,-0.005339007621551373,-0.1392181433315305,-0.9920570053521642

0.35048663582657746,-0.653242632476636,0.4473929697441401,-0.5907345388770613
-0.5762443917848199,-0.4608775112320298,0.746401870864754,0.8551052953387936
-0.27717636202293194,0.22501043600039106,0.500669358981412,0.9772704346744037
-0.3206643703353462,0.8873156321221294,0.8380243460004726,0.16487114719414597

-0.52359877559,0.52359877559,0
1
3,5,4,4
-1.628988155040597,0.5727416735565463,-0.3539384377720367
-0.1944404004200555,0.437232300609677,0.6547475229615469
-0.622398022944832,-0.785490680443347,0.6753100835889287
-0.7682789073057845,0.8023183232638691,0.06866335265350254
1.0526773542727872,0.9942694627539903,0.815260034306668

0.2165235290532721,-0.3848379755660378,-0.36992781340934044,-0.34479894931091404,0.5955669966585133
0.8541320755072437,0.611766691105831,0.5423716931190401,0.8208163349864621,-0.35086199585179134
0.718714478413224,-0.324270081676286,0.48031982371500637,0.4766090794385178,0.9076328801843017
0.06648656403558828,-0.5339362112591262,-0.005339007621551373,-0.1392181433315305,-0.9920570053521642

0.35048663582657746,-0.653242632476636,0.4473929697441401,-0.5907345388770613
-0.5762443917848199,-0.4608775112320298,0.746401870864754,1.6551052953387937
-0.27717636202293194,0.22501043600039106,-0.2993306410185881,0.9772704346744037
-0.3206643703353462,0.8873156321221294,0.8380243460004726,-0.6351288528058541

-0.52359877559,0.52359877559,0
1
3,5,4,4
-2.4289881550405967,0.5727416735565463,-0.3539384377720367
-0.1944404004200555,0.437232300609677,-0.14525247703845312
-0.622398022944832,-0.785490680443347,0.6753100835889287
-0.7682789073057845,0.8023183232638691,0.06866335265350254
0.25267735427278715,0.9942694627539903,0.815260034306668

0.2165235290532721,-0.3848379755660378,-0.36992781340934044,-0.34479894931091404,0.5955669966585133
0.8541320755072437,0.611766691105831,0.5423716931190401,0.8208163349864621,-0.35086199585179134
0.718714478413224,-0.324270081676286,-0.3196801762849937,0.4766090794385178,0.9076328801843017
0.06648656403558828,-0.5339362112591262,-0.005339007621551373,-0.1392181433315305,-0.9920570053521642

0.35048663582657746,-0.653242632476636,0.4473929697441401,-0.5907345388770613
-0.5762443917848199,-0.4608775112320298,0.746401870864754,0.8551052953387936
-0.27717636202293194,0.22501043600039106,-0.2993306410185881,0.9772704346744037
-0.3206643703353462,0.8873156321221294,0.8380243460004726,-0.6351288528058541

-0.52359877559,0.52359877559,0
1
3,5,4,4
-1.628988155040597,0.5727416735565463,-0.3539384377720367
-0.1944404004200555,0.437232300609677,0.6547475229615469
-0.622398022944832,-0.785490680443347,0.6753100835889287
-0.7682789073057845,0.8023183232638691,0.06866335265350254
0.25267735427278715,0.9942694627539903,0.815260034306668

0.2165235290532721,-0.3848379755660378,-0.36992781340934044,0.455201050689086,0.5955669966585133
0.8541320755072437,0.611766691105831,0.5423716931190401,0.8208163349864621,-0.35086199585179134
0.718714478413224,-0.324270081676286,-0.3196801762849937,0.4766090794385178,0.9076328801843017
0.06648656403558828,-0.5339362112591262,-0.005339007621551373,-0.1392181433315305,-0.9920570053521642

0.35048663582657746,-0.653242632476636,0.4473929697441401,-0.5907345388770613
-0.5762443917848199,-0.4608775112320298,0.746401870864754,0.8551052953387936
-0.27717636202293194,0.22501043600039106,-0.2993306410185881,0.9772704346744037
-0.3206643703353462,0.8873156321221294,0.8380243460004726,-0.6351288528058541

-0.52359877559,0.52359877559,0
1
3,5,4,4
-1.628988155040597,0.5727416735565463,-0.3539384377720367
-0.1944404004200555,0.437232300609677,0.6547475229615469
-0.622398022944832,-0.785490680443347,0.6753100835889287
-0.7682789073057845,0.8023183232638691,0.06866335265350254
0.25267735427278715,0.9942694627539903,0.815260034306668

0.2165235290532721,-0.3848379755660378,-0.36992781340934044,-0.34479894931091404,0.5955669966585133
1.6541320755072437,0.611766691105831,0.5423716931190401,0.8208163349864621,-0.35086199585179134
0.718714478413224,-0.324270081676286,-0.3196801762849937,0.4766090794385178,0.9076328801843017
0.06648656403558828,-0.5339362112591262,-0.005339007621551373,-0.1392181433315305,-0.9920570053521642

0.35048663582657746,-0.653242632476636,0.4473929697441401,-0.5907345388770613
0.22375560821518015,-0.4608775112320298,0.746401870864754,0.8551052953387936
-0.27717636202293194,0.22501043600039106,-0.2993306410185881,0.9772704346744037
-1.1206643703353463,0.8873156321221294,0.8380243460004726,-0.6351288528058541

-0.52359877559,0.52359877559,0
1
3,5,4,4
-1.628988155040597,0.5727416735565463,-0.3539384377720367
-0.1944404004200555,0.437232300609677,0.6547475229615469
-0.622398022944832,-0.785490680443347,0.6753100835889287
-0.7682789073057845,0.8023183232638691,0.06866335265350254
-0.5473226457272129,0.9942694627539903,0.815260034306668

0.2165235290532721,-0.3848379755660378,-0.36992781340934044,-0.34479894931091404,0.5955669966585133
0.8541320755072437,0.611766691105831,0.5423716931190401,0.8208163349864621,-0.35086199585179134
0.718714478413224,-0.324270081676286,-0.3196801762849937,0.4766090794385178,1.7076328801843017
0.06648656403558828,-0.5339362112591262,-0.005339007621551373,-0.1392181433315305,-0.9920570053521642

0.35048663582657746,-0.653242632476636,0.4473929697441401,-0.5907345388770613
-0.5762443917848199,-0.4608775112320298,0.746401870864754,0.8551052953387936
-0.27717636202293194,0.22501043600039106,-0.2993306410185881,0.9772704346744037
-0.3206643703353462,0.8873156321221294,0.8380243460004726,-0.6351288528058541

-0.52359877559,0.52359877559,0
1
3,5,4,4
-1.628988155040597,0.5727416735565463,-0.3539384377720367
-0.1944404004200555,0.437232300609677,0.6547475229615469
-0.622398022944832,-0.785490680443347,0.6753100835889287
-1.5682789073057846,0.8023183232638691,0.06866335265350254
-0.5473226457272129,0.9942694627539903,0.815260034306668

0.2165235290532721,-0.3848379755660378,-0.36992781340934044,-0.34479894931091404,0.5955669966585133
1.6541320755072437,0.611766691105831,0.5423716931190401,0.8208163349864621,-0.35086199585179134
0.718714478413224,-0.324270081676286,-0.3196801762849937,0.4766090794385178,0.9076328801843017
0.06648656403558828,-0.5339362112591262,-0.005339007621551373,-0.1392181433315305,-0.9920570053521642

0.35048663582657746,-0.653242632476636,0.4473929697441401,-0.5907345388770613
-0.5762443917848199,-0.4608775112320298,0.746401870864754,0.8551052953387936
-0.27717636202293194,0.22501043600039106,-0.2993306410185881,0.9772704346744037
-0.3206643703353462,1.6873156321221294,0.8380243460004726,-0.6351288528058541

-0.52359877559,0.52359877559,0
1
3,5,4,4
-1.628988155040597,0.5727416735565463,-0.3539384377720367
-0.1944404004200555,0.437232300609677,0.6547475229615469
-0.622398022944832,-0.785490680443347,0.6753100835889287
-0.7682789073057845,0.8023183232638691,0.06866335265350254
0.25267735427278715,0.9942694627539903,0.815260034306668

0.2165235290532721,-0.3848379755660378,-0.36992781340934044,-0.34479894931091404,0.5955669966585133
0.8541320755072437,0.611766691105831,0.5423716931190401,0.8208163349864621,-0.35086199585179134
0.718714478413224,-0.324270081676286,-1.1196801762849937,0.4766090794385178,0.9076328801843017
0.06648656403558828,-0.5339362112591262,-0.005339007621551373,-0.1392181433315305,-0.9920570053521642

0.35048663582657746,-0.653242632476636,0.4473929697441401,-0.5907345388770613
-0.5762443917848199,-0.4608775112320298,0.746401870864754,0.8551052953387936
-0.27717636202293194,0.22501043600039106,-0.2993306410185881,0.17727043467440362
-0.3206643703353462,0.8873156321221294,0.8380243460004726,-0.6351288528058541

-0.52359877559,0.52359877559,0
1
3,5,4,4
-1.628988155040597,0.5727416735565463,-0.3539384377720367
-0.1944404004200555,0.437232300609677,0.6547475229615469
-0.622398022944832,0.014509319556653022,0.6753100835889287
-0.7682789073057845,0.8023183232638691,0.06866335265350254
0.25267735427278715,0.19426946275399026,0.815260034306668

1.0165235290532721,-0.3848379755660378,-0.36992781340934044,-0.34479894931091404,0.5955669966585133
0.05413207550724364,0.611766691105831,0.5423716931190401,0.8208163349864621,-0.35086199585179134
0.718714478413224,-0.324270081676286,-0.3196801762849937,0.4766090794385178,0.9076328801843017
0.06648656403558828,-0.5339362112591262,-0.005339007621551373,-0.1392181433315305,-0.9920570053521642

0.35048663582657746,-0.653242632476636,0.4473929697441401,-0.5907345388770613
-0.5762443917848199,-0.4608775112320298,0.746401870864754,0.8551052953387936
-0.27717636202293194,0.22501043600039106,-0.2993306410185881,0.9772704346744037
-0.3206643703353462,0.8873156321221294,0.8380243460004726,-0.6351288528058541

-0.52359877559,0.52359877559,0
1
3,5,4,4
-1.628988155040597,1.3727416735565463,-0.3539384377720367
-0.1944404004200555,0.437232300609677,0.6547475229615469
-0.622398022944832,-0.785490680443347,0.6753100835889287
-0.7682789073057845,0.8023183232638691,0.06866335265350254
0.25267735427278715,0.9942694627539903,0.815260034306668

0.2165235290532721,0.4151620244339622,-1.1699278134093405,-0.34479894931091404,0.5955669966585133
0.8541320755072437,0.611766691105831,0.5423716931190401,0.8208163349864621,-0.35086199585179134
0.718714478413224,-0.324270081676286,-0.3196801762849937,0.4766090794385178,0.9076328801843017
0.06648656403558828,-1.3339362112591262,-0.005339007621551373,-0.1392181433315305,-0.9920570053521642

0.35048663582657746,0.146757367523364,0.4473929697441401,-0.5907345388770613
-1.37624439178482,0.33912248876797024,0.746401870864754,0.8551052953387936
-0.27717636202293194,0.22501043600039106,-0.2993306410185881,0.9772704346744037
-0.3206643703353462,0.8873156321221294,0.8380243460004726,-0.6351288528058541

-0.52359877559,0.52359877559,0
1
3,5,4,4
-1.628988155040597,0.5727416735565463,-0.3539384377720367
-0.1944404004200555,1.237232300609677,0.6547475229615469
-0.622398022944832,-0.785490680443347,0.6753100835889287
-0.7682789073057845,0.8023183232638691,0.06866335265350254
0.25267735427278715,0.9942694627539903,0.815260034306668

0.2165235290532721,-0.3848379755660378,-0.36992781340934044,-0.34479894931091404,0.5955669966585133
0.8541320755072437,0.611766691105831,0.5423716931190401,0.8208163349864621,-0.35086199585179134
0.718714478413224,-0.324270081676286,-0.3196801762849937,0.4766090794385178,0.9076328801843017
0.06648656403558828,-0.5339362112591262,-0.005339007621551373,-0.1392181433315305,-0.9920570053521642

0.35048663582657746,-0.653242632476636,0.4473929697441401,-1.3907345388770613
-0.5762443917848199,-0.4608775112320298,0.746401870864754,0.8551052953387936
-0.27717636202293194,0.22501043600039106,-0.2993306410185881,0.9772704346744037
-0.3206643703353462,0.8873156321221294,0.8380243460004726,-0.6351288528058541

-0.52359877559,0.52359877559,0
1
3,5,4,4
-1.628988155040597,0.5727416735565463,-0.3539384377720367
-0.1944404004200555,0.437232300609677,0.6547475229615469
-0.622398022944832,-0.785490680443347,0.6753100835889287
0.031721092694215525,0.8023183232638691,0.06866335265350254
0.25267735427278715,0.9942694627539903,0.815260034306668

0.2165235290532721,-0.3848379755660378,-1.1699278134093405,-0.34479894931091404,0.5955669966585133
0.8541320755072437,0.611766691105831,1.3423716931190401,0.8208163349864621,-0.35086199585179134
0.718714478413224,-0.324270081676286,-0.3196801762849937,0.4766090794385178,0.9076328801843017
0.06648656403558828,-0.5339362112591262,-0.005339007621551373,-0.1392181433315305,-0.9920570053521642

0.35048663582657746,-0.653242632476636,0.4473929697441401,-0.5907345388770613
-0.5762443917848199,-0.4608775112320298,0.746401870864754,0.8551052953387936
-0.27717636202293194,0.22501043600039106,-0.2993306410185881,0.9772704346744037
-0.3206643703353462,0.8873156321221294,0.8380243460004726,0.16487114719414597

-0.52359877559,0.52359877559,0
1
3,5,4,4
-1.628988155040597,0.5727416735565463,-0.3539384377720367
-0.1944404004200555,0.437232300609677,0.6547475229615469
-0.622398022944832,-0.785490680443347,0.6753100835889287
-0.7682789073057845,0.8023183232638691,0.06866335265350254
0.25267735427278715,0.9942694627539903,1.615260034306668

0.2165235290532721,-0.3848379755660378,-0.36992781340934044,-0.34479894931091404,0.5955669966585133
0.8541320755072437,-0.188233308894169,0.5423716931190401,0.8208163349864621,-0.35086199585179134
0.718714478413224,-0.324270081676286,-0.3196801762849937,0.4766090794385178,0.9076328801843017
0.06648656403558828,-0.5339362112591262,-0.8053390076215514,-0.1392181433315305,-0.9920570053521642

0.35048663582657746,-0.653242632476636,0.4473929697441401,-1.3907345388770613
-0.5762443917848199,-0.4608775112320298,0.746401870864754,0.8551052953387936
-0.27717636202293194,0.22501043600039106,-0.2993306410185881,0.9772704346744037
-0.3206643703353462,0.8873156321221294,0.8380243460004726,-0.6351288528058541

-0.52359877559,0.52359877559,0
1
3,5,4,4
-0.8289881550405969,0.5727416735565463,-0.3539384377720367
-0.1944404004200555,0.437232300609677,0.6547475229615469
-0.622398022944832,-0.785490680443347,0.6753100835889287
-0.7682789073057845,0.8023183232638691,0.06866335265350254
0.25267735427278715,0.9942694627539903,0.815260034306668

0.2165235290532721,-0.3848379755660378,-0.36992781340934044,-0.34479894931091404,0.5955669966585133
0.8541320755072437,0.611766691105831,0.5423716931190401,0.8208163349864621,-0.35086199585179134
0.718714478413224,-0.324270081676286,-0.3196801762849937,0.4766090794385178,0.9076328801843017
0.06648656403558828,-0.5339362112591262,-0.005339007621551373,-0.1392181433315305,-0.9920570053521642

-0.4495133641734226,-0.653242632476636,0.4473929697441401,-0.5907345388770613
-0.5762443917848199,-0.4608775112320298,0.746401870864754,1.6551052953387937
-0.27717636202293194,0.22501043600039106,-0.2993306410185881,0.9772704346744037
-0.3206643703353462,0.8873156321221294,0.8380243460004726,0.16487114719414597

-0.52359877559,0.52359877559,0
1
3,5,4,4
-1.628988155040597,0.5727416735565463,-0.3539384377720367
-0.1944404004200555,0.437232300609677,0.6547475229615469
-0.622398022944832,-0.785490680443347,0.6753100835889287
-0.7682789073057845,0.8023183232638691,0.06866335265350254
0.25267735427278715,0.9942694627539903,0.815260034306668

0.2165235290532721,-0.3848379755660378,-0.36992781340934044,-0.34479894931091404,-0.20443300334148673
0.8541320755072437,0.611766691105831,0.5423716931190401,0.8208163349864621,-0.35086199585179134
1.518714478413224,-0.324270081676286,-0.3196801762849937,0.4766090794385178,0.9076328801843017
0.06648656403558828,-0.5339362112591262,-0.005339007621551373,-0.1392181433315305,-0.9920570053521642

0.35048663582657746,-0.653242632476636,0.4473929697441401,-0.5907345388770613
-0.5762443917848199,-0.4608775112320298,0.746401870864754,0.8551052953387936
-0.27717636202293194,0.22501043600039106,-0.2993306410185881,0.9772704346744037
-0.3206643703353462,0.8873156321221294,0.8380243460004726,-0.6351288528058541

-0.52359877559,0.52359877559,0
1
3,5,4,4
-1.628988155040597,1.3727416735565463,-0.3539384377720367
-0.1944404004200555,0.437232300609677,-0.14525247703845312
-0.622398022944832,-0.785490680443347,0.6753100835889287
-0.7682789073057845,0.8023183232638691,0.06866335265350254
0.25267735427278715,0.9942694627539903,1.615260034306668

0.2165235290532721,-0.3848379755660378,-0.36992781340934044,-0.34479894931091404,0.5955669966585133
0.8541320755072437,1.411766691105831,0.5423716931190401,0.8208163349864621,0.4491380041482087
0.718714478413224,-0.324270081676286,-0.3196801762849937,0.4766090794385178,0.9076328801843017
0.8664865640355883,-0.5339362112591262,-0.005339007621551373,-0.1392181433315305,-0.9920570053521642

-0.4495133641734226,-0.653242632476636,0.4473929697441401,-0.5907345388770613
-0.5762443917848199,-0.4608775112320298,0.746401870864754,0.8551052953387936
-0.27717636202293194,0.22501043600039106,-0.2993306410185881,0.17727043467440362
-0.3206643703353462,0.8873156321221294,0.8380243460004726,-0.6351288528058541

-0.52359877559,0.52359877559,0
1
3,5,4,4
-1.628988155040597,0.5727416735565463,-0.3539384377720367
-0.1944404004200555,0.437232300609677,0.6547475229615469
-0.622398022944832,-0.785490680443347,-0.1246899164110713
-0.7682789073057845,0.8023183232638691,0.06866335265350254
0.25267735427278715,0.9942694627539903,0.815260034306668

0.2165235290532721,-0.3848379755660378,-0.36992781340934044,-0.34479894931091404,0.5955669966585133
0.8541320755072437,0.611766691105831,0.5423716931190401,0.8208163349864621,-0.35086199585179134
-0.08128552158677604,-0.324270081676286,-0.3196801762849937,0.4766090794385178,0.9076328801843017
0.06648656403558828,-0.5339362112591262,-0.005339007621551373,-0.1392181433315305,-0.9920570053521642

0.35048663582657746,-0.653242632476636,0.4473929697441401,-0.5907345388770613
-0.5762443917848199,-0.4608775112320298,0.746401870864754,0.8551052953387936
-0.27717636202293194,0.22501043600039106,-0.2993306410185881,0.9772704346744037
-1.1206643703353463,0.8873156321221294,0.8380243460004726,-0.6351288528058541

-0.52359877559,0.52359877559,0
1
3,5,4,4
-1.628988155040597,0.5727416735565463,-0.3539384377720367
-0.9944404004200555,0.437232300609677,0.6547475229615469
-0.622398022944832,-0.785490680443347,0.6753100835889287
-0.7682789073057845,0.8023183232638691,0.06866335265350254
0.25267735427278715,0.9942694627539903,0.815260034306668

0.2165235290532721,-0.3848379755660378,-0.36992781340934044,-0.34479894931091404,0.5955669966585133
0.8541320755072437,0.611766691105831,0.5423716931190401,0.8208163349864621,-0.35086199585179134
-0.08128552158677604,-0.324270081676286,-0.3196801762849937,0.4766090794385178,0.9076328801843017
0.06648656403558828,-0.5339362112591262,-0.005339007621551373,-0.1392181433315305,-0.9920570053521642

0.35048663582657746,-0.653242632476636,0.4473929697441401,-0.5907345388770613
-0.5762443917848199,-1.2608775112320298,0.746401870864754,0.8551052953387936
0.5228236379770681,0.22501043600039106,-0.2993306410185881,0.9772704346744037
-0.3206643703353462,0.8873156321221294,0.8380243460004726,-1.4351288528058541

-0.52359877559,0.52359877559,0
1
3,5,4,4
-1.628988155040597,0.5727416735565463,-0.3539384377720367
-0.1944404004200555,0.437232300609677,0.6547475229615469
-0.622398022944832,-0.785490680443347,0.6753100835889287
-0.7682789073057845,0.8023183232638691,0.06866335265350254
0.25267735427278715,0.9942694627539903,0.815260034306668

0.2165235290532721,-0.3848379755660378,-0.36992781340934044,-0.34479894931091404,0.5955669966585133
0.8541320755072437,-0.188233308894169,0.5423716931190401,0.8208163349864621,-0.35086199585179134
0.718714478413224,-0.324270081676286,0.48031982371500637,0.4766090794385178,0.9076328801843017
0.06648656403558828,-0.5339362112591262,-0.005339007621551373,-0.1392181433315305,-0.9920570053521642

0.35048663582657746,-0.653242632476636,0.4473929697441401,-0.5907345388770613
-0.5762443917848199,-0.4608775112320298,0.746401870864754,0.8551052953387936
-0.27717636202293194,0.22501043600039106,-0.2993306410185881,0.9772704346744037
-0.3206643703353462,0.8873156321221294,0.8380243460004726,-0.6351288528058541

-0.52359877559,0.52359877559,0
1
3,5,4,4
-1.628988155040597,0.5727416735565463,-1.1539384377720368
-0.1944404004200555,0.437232300609677,0.6547475229615469
-0.622398022944832,-0.785490680443347,0.6753100835889287
-0.7682789073057845,0.8023183232638691,0.06866335265350254
0.25267735427278715,0.9942694627539903,0.815260034306668

0.2165235290532721,-0.3848379755660378,-0.36992781340934044,0.455201050689086,0.5955669966585133
1.6541320755072437,0.611766691105831,0.5423716931190401,0.8208163349864621,-1.1508619958517914
0.718714478413224,-0.324270081676286,0.48031982371500637,0.4766090794385178,0.9076328801843017
0.06648656403558828,-0.5339362112591262,-0.005339007621551373,-0.9392181433315305,-0.9920570053521642

0.35048663582657746,-0.653242632476636,0.4473929697441401,-0.5907345388770613
-0.5762443917848199,-0.4608775112320298,0.746401870864754,0.8551052953387936
-0.27717636202293194,0.22501043600039106,-0.2993306410185881,0.9772704346744037
-0.3206643703353462,0.8873156321221294,0.8380243460004726,-0.6351288528058541

-0.52359877559,0.52359877559,0
1
3,5,4,4
-1.628988155040597,0.5727416735565463,-0.3539384377720367
-0.1944404004200555,0.437232300609677,0.6547475229615469
-0.622398022944832,-0.785490680443347,0.6753100835889287
-0.7682789073057845,0.8023183232638691,0.06866335265350254
0.25267735427278715,0.9942694627539903,0.815260034306668

0.2165235290532721,-0.3848379755660378,-0.36992781340934044,-1.144798949310914,0.5955669966585133
0.8541320755072437,0.611766691105831,0.5423716931190401,0.8208163349864621,-0.35086199585179134
0.718714478413224,-0.324270081676286,-0.3196801762849937,0.4766090794385178,0.10763288018430162
0.06648656403558828,-0.5339362112591262,-0.005339007621551373,-0.1392181433315305,-0.9920570053521642

0.35048663582657746,-0.653242632476636,0.4473929697441401,-0.5907345388770613
-0.5762443917848199,-0.4608775112320298,0.746401870864754,0.8551052953387936
-0.27717636202293194,1.025010436000391,-0.2993306410185881,0.9772704346744037
-0.3206643703353462,0.8873156321221294,0.8380243460004726,-0.6351288528058541

-0.52359877559,0.52359877559,0
1
3,5,4,4
-1.628988155040597,0.5727416735565463,-0.3539384377720367
-0.9944404004200555,0.437232300609677,0.6547475229615469
-0.622398022944832,-1.585490680443347,0.6753100835889287
-0.7682789073057845,0.8023183232638691,0.06866335265350254
0.25267735427278715,0.9942694627539903,0.815260034306668

0.2165235290532721,-0.3848379755660378,-0.36992781340934044,-0.34479894931091404,0.5955669966585133
0.8541320755072437,0.611766691105831,0.5423716931190401,0.02081633498646207,-0.35086199585179134
0.718714478413224,-0.324270081676286,-0.3196801762849937,0.4766090794385178,0.9076328801843017
0.06648656403558828,-0.5339362112591262,-0.005339007621551373,-0.1392181433315305,-0.9920570053521642

0.35048663582657746,-0.653242632476636,0.4473929697441401,-0.5907345388770613
-0.5762443917848199,-0.4608775112320298,0.746401870864754,0.8551052953387936
-0.27717636202293194,0.22501043600039106,-0.2993306410185881,0.9772704346744037
-0.3206643703353462,0.8873156321221294,0.8380243460004726,-0.6351288528058541

-0.52359877559,0.52359877559,0
1
3,5,4,4
-1.628988155040597,0.5727416735565463,-0.3539384377720367
-0.1944404004200555,0.437232300609677,0.6547475229615469
-0.622398022944832,-0.785490680443347,0.6753100835889287
-0.7682789073057845,0.8023183232638691,0.06866335265350254
0.25267735427278715,0.9942694627539903,0.815260034306668

0.2165235290532721,-0.3848379755660378,-0.36992781340934044,-0.34479894931091404,0.5955669966585133
0.8541320755072437,0.611766691105831,0.5423716931190401,0.8208163349864621,-0.35086199585179134
0.718714478413224,-0.324270081676286,-0.3196801762849937,0.4766090794385178,0.9076328801843017
0.06648656403558828,0.2660637887408739,-0.005339007621551373,-0.1392181433315305,-0.9920570053521642

0.35048663582657746,-0.653242632476636,0.4473929697441401,-0.5907345388770613
-0.5762443917848199,-0.4608775112320298,0.746401870864754,0.8551052953387936
-0.27717636202293194,0.22501043600039106,-0.2993306410185881,0.9772704346744037
-0.3206643703353462,0.8873156321221294,0.8380243460004726,-0.6351288528058541

-0.52359877559,0.52359877559,0
1
3,5,4,4
-1.628988155040597,1.3727416735565463,-0.3539384377720367
-0.1944404004200555,0.437232300609677,0.6547475229615469
-0.622398022944832,-0.785490680443347,0.6753100835889287
-0.7682789073057845,0.8023183232638691,0.06866335265350254
0.25267735427278715,0.9942694627539903,0.815260034306668

1.0165235290532721,-1.1848379755660379,-0.36992781340934044,-0.34479894931091404,0.5955669966585133
0.8541320755072437,0.611766691105831,-0.25762830688095995,0.8208163349864621,-0.35086199585179134
1.518714478413224,-0.324270081676286,-0.3196801762849937,-0.3233909205614822,0.10763288018430162
0.06648656403558828,-0.5339362112591262,-0.005339007621551373,-0.1392181433315305,-0.9920570053521642

0.35048663582657746,-0.653242632476636,0.4473929697441401,-0.5907345388770613
-0.5762443917848199,-0.4608775112320298,0.746401870864754,0.8551052953387936
-0.27717636202293194,0.22501043600039106,-0.2993306410185881,0.9772704346744037
-0.3206643703353462,0.8873156321221294,0.8380243460004726,-0.6351288528058541

-0.52359877559,0.52359877559,0
1
3,5,4,4
-1.628988155040597,0.5727416735565463,-0.3539384377720367
-0.1944404004200555,0.437232300609677,-0.14525247703845312
-0.622398022944832,-0.785490680443347,0.6753100835889287
-0.7682789073057845,0.8023183232638691,0.06866335265350254
0.25267735427278715,0.9942694627539903,0.815260034306668

0.2165235290532721,-0.3848379755660378,-0.36992781340934044,-0.34479894931091404,0.5955669966585133
0.8541320755072437,0.611766691105831,0.5423716931190401,0.8208163349864621,-0.35086199585179134
-0.08128552158677604,0.47572991832371403,-0.3196801762849937,0.4766090794385178,1.7076328801843017
0.06648656403558828,-0.5339362112591262,-0.005339007621551373,-0.1392181433315305,-0.9920570053521642

0.35048663582657746,-0.653242632476636,0.4473929697441401,-0.5907345388770613
0.22375560821518015,-0.4608775112320298,0.746401870864754,0.8551052953387936
-0.27717636202293194,0.22501043600039106,-0.2993306410185881,0.9772704346744037
-0.3206643703353462,0.8873156321221294,0.8380243460004726,-0.6351288528058541

-0.52359877559,0.52359877559,0
1
3,5,4,4
-1.628988155040597,1.3727416735565463,-0.3539384377720367
-0.1944404004200555,0.437232300609677,0.6547475229615469
-0.622398022944832,-0.785490680443347,0.6753100835889287
-0.7682789073057845,0.0023183232638690487,0.06866335265350254
0.25267735427278715,0.19426946275399026,1.615260034306668

0.2165235290532721,-0.3848379755660378,-0.36992781340934044,-0.34479894931091404,0.5955669966585133
0.8541320755072437,0.611766691105831,1.3423716931190401,0.8208163349864621,-0.35086199585179134
0.718714478413224,-0.324270081676286,-0.3196801762849937,0.4766090794385178,0.9076328801843017
0.06648656403558828,-0.5339362112591262,-0.005339007621551373,-0.1392181433315305,-0.9920570053521642

0.35048663582657746,-0.653242632476636,0.4473929697441401,-0.5907345388770613
-0.5762443917848199,-0.4608775112320298,0.746401870864754,0.8551052953387936
-0.27717636202293194,0.22501043600039106,-0.2993306410185881,0.9772704346744037
-0.3206643703353462,0.8873156321221294,0.03802434600047255,0.16487114719414597

-0.52359877559,0.52359877559,0
1
3,5,4,4
-1.628988155040597,0.5727416735565463,-0.3539384377720367
-0.1944404004200555,0.437232300609677,0.6547475229615469
-0.622398022944832,-0.785490680443347,0.6753100835889287
-0.7682789073057845,0.8023183232638691,0.06866335265350254
0.25267735427278715,0.9942694627539903,0.815260034306668

0.2165235290532721,-0.3848379755660378,-0.36992781340934044,-0.34479894931091404,0.5955669966585133
0.8541320755072437,0.611766691105831,0.5423716931190401,0.8208163349864621,-0.35086199585179134
0.718714478413224,-0.324270081676286,-0.3196801762849937,0.4766090794385178,0.9076328801843017
0.06648656403558828,-0.5339362112591262,0.7946609923784487,0.6607818566684696,-0.9920570053521642

0.35048663582657746,-0.653242632476636,0.4473929697441401,-0.5907345388770613
-0.5762443917848199,-0.4608775112320298,0.746401870864754,0.8551052953387936
-0.27717636202293194,0.22501043600039106,-0.2993306410185881,0.9772704346744037
-0.3206643703353462,0.8873156321221294,0.8380243460004726,-0.6351288528058541

-0.52359877559,0.52359877559,0
1
3,5,4,4
-1.628988155040597,0.5727416735565463,-0.3539384377720367
-0.1944404004200555,-0.36276769939032305,0.6547475229615469
-0.622398022944832,-0.785490680443347,0.6753100835889287
-0.7682789073057845,0.8023183232638691,0.8686633526535026
0.25267735427278715,0.9942694627539903,0.015260034306668002

0.2165235290532721,-0.3848379755660378,-0.36992781340934044,-0.34479894931091404,0.5955669966585133
1.6541320755072437,0.611766691105831,0.5423716931190401,0.02081633498646207,-0.35086199585179134
0.718714478413224,-0.324270081676286,-0.3196801762849937,0.4766090794385178,0.9076328801843017
0.06648656403558828,-0.5339362112591262,-0.005339007621551373,-0.1392181433315305,-0.9920570053521642

0.35048663582657746,-0.653242632476636,0.4473929697441401,-0.5907345388770613
-0.5762443917848199,-0.4608775112320298,0.746401870864754,0.8551052953387936
-0.27717636202293194,0.22501043600039106,-0.2993306410185881,0.9772704346744037
-0.3206643703353462,0.8873156321221294,0.8380243460004726,-0.6351288528058541

-0.52359877559,0.52359877559,0
1
3,5,4,4
-1.628988155040597,0.5727416735565463,-0.3539384377720367
-0.1944404004200555,1.237232300609677,0.6547475229615469
-0.622398022944832,-0.785490680443347,0.6753100835889287
-0.7682789073057845,0.8023183232638691,0.06866335265350254
1.0526773542727872,0.9942694627539903,0.815260034306668

0.2165235290532721,-0.3848379755660378,0.4300721865906596,-0.34479894931091404,0.5955669966585133
0.8541320755072437,0.611766691105831,-0.25762830688095995,0.8208163349864621,-0.35086199585179134
-0.08128552158677604,-0.324270081676286,0.48031982371500637,0.4766090794385178,0.9076328801843017
0.06648656403558828,-0.5339362112591262,-0.005339007621551373,-0.1392181433315305,-0.9920570053521642

0.35048663582657746,-0.653242632476636,0.4473929697441401,-0.5907345388770613
-0.5762443917848199,-0.4608775112320298,0.746401870864754,0.8551052953387936
-0.27717636202293194,0.22501043600039106,-0.2993306410185881,0.9772704346744037
0.4793356296646538,0.8873156321221294,0.8380243460004726,-0.6351288528058541

-0.52359877559,0.52359877559,0
1
3,5,4,4
-0.8289881550405969,0.5727416735565463,-0.3539384377720367
-0.1944404004200555,0.437232300609677,0.6547475229615469
-1.422398022944832,-0.785490680443347,0.6753100835889287
-0.7682789073057845,0.8023183232638691,0.06866335265350254
0.25267735427278715,0.9942694627539903,0.815260034306668

0.2165235290532721,-0.3848379755660378,-0.36992781340934044,-0.34479894931091404,0.5955669966585133
0.8541320755072437,0.611766691105831,0.5423716931190401,0.8208163349864621,-0.35086199585179134
1.518714478413224,-0.324270081676286,-0.3196801762849937,0.4766090794385178,0.9076328801843017
0.06648656403558828,-0.5339362112591262,-0.005339007621551373,-0.1392181433315305,-0.9920570053521642

0.35048663582657746,0.146757367523364,0.4473929697441401,-0.5907345388770613
-0.5762443917848199,-0.4608775112320298,0.746401870864754,0.8551052953387936
-0.27717636202293194,0.22501043600039106,-0.2993306410185881,0.9772704346744037
-0.3206643703353462,0.8873156321221294,0.8380243460004726,-1.4351288528058541

-0.52359877559,0.52359877559,0
1
3,5,4,4
-1.628988155040597,0.5727416735565463,-0.3539384377720367
-0.1944404004200555,0.437232300609677,0.6547475229615469
-0.622398022944832,0.014509319556653022,-0.1246899164110713
-0.7682789073057845,0.8023183232638691,0.06866335265350254
0.25267735427278715,0.9942694627539903,0.815260034306668

0.2165235290532721,-0.3848379755660378,-0.36992781340934044,-0.34479894931091404,0.5955669966585133
0.8541320755072437,0.611766691105831,0.5423716931190401,0.8208163349864621,-0.35086199585179134
0.718714478413224,-0.324270081676286,-0.3196801762849937,0.4766090794385178,0.9076328801843017
0.06648656403558828,-0.5339362112591262,-0.005339007621551373,0.6607818566684696,-0.9920570053521642

-0.4495133641734226,-0.653242632476636,0.4473929697441401,-0.5907345388770613
-0.5762443917848199,-0.4608775112320298,0.746401870864754,0.8551052953387936
-0.27717636202293194,0.22501043600039106,-0.2993306410185881,1.7772704346744037
-0.3206643703353462,0.8873156321221294,0.8380243460004726,-0.6351288528058541

-0.52359877559,0.52359877559,0
1
3,5,4,4
-1.628988155040597,0.5727416735565463,-0.3539384377720367
-0.1944404004200555,0.437232300609677,0.6547475229615469
-0.622398022944832,-0.785490680443347,0.6753100835889287
-0.7682789073057845,1.6023183232638691,0.06866335265350254
0.25267735427278715,0.9942694627539903,0.815260034306668

0.2165235290532721,-0.3848379755660378,-0.36992781340934044,-0.34479894931091404,0.5955669966585133
0.8541320755072437,0.611766691105831,0.5423716931190401,0.8208163349864621,-0.35086199585179134
1.518714478413224,-0.324270081676286,-0.3196801762849937,0.4766090794385178,0.9076328801843017
0.06648656403558828,-0.5339362112591262,-0.005339007621551373,-0.1392181433315305,-0.9920570053521642

0.35048663582657746,-0.653242632476636,0.4473929697441401,-0.5907345388770613
-0.5762443917848199,-0.4608775112320298,0.746401870864754,0.8551052953387936
-0.27717636202293194,1.025010436000391,-0.2993306410185881,0.9772704346744037
-1.1206643703353463,0.8873156321221294,0.8380243460004726,0.16487114719414597

-0.52359877559,0.52359877559,0
1
3,5,4,4
-0.8289881550405969,0.5727416735565463,-0.3539384377720367
-0.1944404004200555,0.437232300609677,0.6547475229615469
-0.622398022944832,-0.785490680443347,0.6753100835889287
-0.7682789073057845,0.8023183232638691,0.06866335265350254
0.25267735427278715,0.9942694627539903,0.815260034306668

0.2165235290532721,-0.3848379755660378,-0.36992781340934044,-0.34479894931091404,0.5955669966585133
0.8541320755072437,0.611766691105831,0.5423716931190401,0.8208163349864621,-0.35086199585179134
0.718714478413224,-0.324270081676286,-0.3196801762849937,0.4766090794385178,0.9076328801843017
0.06648656403558828,-0.5339362112591262,-0.8053390076215514,-0.1392181433315305,-1.7920570053521643

0.35048663582657746,-0.653242632476636,0.4473929697441401,-0.5907345388770613
-0.5762443917848199,-0.4608775112320298,0.746401870864754,0.8551052953387936
-0.27717636202293194,0.22501043600039106,-0.2993306410185881,0.9772704346744037
-0.3206643703353462,0.8873156321221294,0.8380243460004726,-0.6351288528058541

-0.52359877559,0.52359877559,0
1
3,5,4,4
-1.628988155040597,0.5727416735565463,-0.3539384377720367
-0.1944404004200555,0.437232300609677,0.6547475229615469
-0.622398022944832,-0.785490680443347,0.6753100835889287
-0.7682789073057845,0.8023183232638691,0.06866335265350254
0.25267735427278715,0.9942694627539903,0.815260034306668

0.2165235290532721,-1.1848379755660379,-0.36992781340934044,-0.34479894931091404,0.5955669966585133
0.8541320755072437,0.611766691105831,0.5423716931190401,0.8208163349864621,-0.35086199585179134
-0.08128552158677604,-0.324270081676286,-0.3196801762849937,0.4766090794385178,0.9076328801843017
0.06648656403558828,-0.5339362112591262,-0.005339007621551373,-0.1392181433315305,-0.9920570053521642

1.1504866358265775,-0.653242632476636,0.4473929697441401,-0.5907345388770613
-0.5762443917848199,-1.2608775112320298,0.746401870864754,0.8551052953387936
-0.27717636202293194,0.22501043600039106,-0.2993306410185881,0.9772704346744037
-0.3206643703353462,0.8873156321221294,0.8380243460004726,-0.6351288528058541

-0.52359877559,0.52359877559,0
1
3,5,4,4
-2.4289881550405967,0.5727416735565463,-0.3539384377720367
-0.1944404004200555,0.437232300609677,1.454747522961547
-0.622398022944832,-0.785490680443347,0.6753100835889287
-0.7682789073057845,0.8023183232638691,0.06866335265350254
0.25267735427278715,0.9942694627539903,0.815260034306668

0.2165235290532721,-0.3848379755660378,-0.36992781340934044,-0.34479894931091404,0.5955669966585133
0.05413207550724364,0.611766691105831,0.5423716931190401,0.02081633498646207,-0.35086199585179134
0.718714478413224,-0.324270081676286,-0.3196801762849937,0.4766090794385178,0.9076328801843017
0.06648656403558828,-0.5339362112591262,-0.005339007621551373,-0.1392181433315305,-0.9920570053521642

0.35048663582657746,-0.653242632476636,0.4473929697441401,-0.5907345388770613
-0.5762443917848199,-0.4608775112320298,0.746401870864754,0.8551052953387936
-0.27717636202293194,-0.574989563999609,-0.2993306410185881,0.9772704346744037
-0.3206643703353462,0.8873156321221294,1.6380243460004726,-0.6351288528058541

-0.52359877559,0.52359877559,0
1
3,5,4,4
-1.628988155040597,0.5727416735565463,-0.3539384377720367
-0.1944404004200555,0.437232300609677,0.6547475229615469
-0.622398022944832,-0.785490680443347,0.6753100835889287
-0.7682789073057845,0.8023183232638691,0.06866335265350254
0.25267735427278715,0.9942694627539903,0.815260034306668

-0.5834764709467279,-0.3848379755660378,-1.1699278134093405,-0.34479894931091404,0.5955669966585133
0.8541320755072437,0.611766691105831,0.5423716931190401,0.8208163349864621,-0.35086199585179134
0.718714478413224,-0.324270081676286,-0.3196801762849937,0.4766090794385178,0.9076328801843017
0.06648656403558828,-0.5339362112591262,-0.005339007621551373,-0.1392181433315305,-0.9920570053521642

-0.4495133641734226,-1.453242632476636,0.4473929697441401,-0.5907345388770613
-0.5762443917848199,-0.4608775112320298,0.746401870864754,1.6551052953387937
-0.27717636202293194,0.22501043600039106,-0.2993306410185881,0.9772704346744037
-0.3206643703353462,0.8873156321221294,0.8380243460004726,-0.6351288528058541

-0.52359877559,0.52359877559,0
1
3,5,4,4
-1.628988155040597,0.5727416735565463,-0.3539384377720367
-0.1944404004200555,0.437232300609677,0.6547475229615469
0.177601977055168,-0.785490680443347,0.6753100835889287
-0.7682789073057845,0.8023183232638691,0.06866335265350254
0.25267735427278715,0.9942694627539903,0.815260034306668

0.2165235290532721,-0.3848379755660378,-0.36992781340934044,-0.34479894931091404,0.5955669966585133
0.8541320755072437,0.611766691105831,0.5423716931190401,0.8208163349864621,-0.35086199585179134
0.718714478413224,-0.324270081676286,-0.3196801762849937,0.4766090794385178,0.9076328801843017
0.06648656403558828,-0.5339362112591262,-0.005339007621551373,-0.1392181433315305,-0.9920570053521642

0.35048663582657746,-0.653242632476636,0.4473929697441401,-0.5907345388770613
-0.5762443917848199,0.33912248876797024,0.746401870864754,0.0551052953387936
-0.27717636202293194,0.22501043600039106,-0.2993306410185881,0.9772704346744037
-1.1206643703353463,0.8873156321221294,0.8380243460004726,-0.6351288528058541

-0.52359877559,0.52359877559,0
1
3,5,4,4
-1.628988155040597,0.5727416735565463,-0.3539384377720367
-0.9944404004200555,0.437232300609677,0.6547475229615469
-0.622398022944832,-0.785490680443347,0.6753100835889287
-0.7682789073057845,0.8023183232638691,0.06866335265350254
0.25267735427278715,0.9942694627539903,0.815260034306668

0.2165235290532721,-0.3848379755660378,-0.36992781340934044,0.455201050689086,0.5955669966585133
0.8541320755072437,1.411766691105831,1.3423716931190401,0.8208163349864621,-0.35086199585179134
0.718714478413224,-0.324270081676286,-0.3196801762849937,0.4766090794385178,0.9076328801843017
0.06648656403558828,0.2660637887408739,-0.005339007621551373,-0.1392181433315305,-0.9920570053521642

1.1504866358265775,-0.653242632476636,0.4473929697441401,-0.5907345388770613
-1.37624439178482,-0.4608775112320298,0.746401870864754,0.8551052953387936
-0.27717636202293194,0.22501043600039106,-0.2993306410185881,1.7772704346744037
-0.3206643703353462,0.8873156321221294,0.8380243460004726,-0.6351288528058541

-0.52359877559,0.52359877559,0
1
3,5,4,4
-0.8289881550405969,0.5727416735565463,-0.3539384377720367
-0.1944404004200555,0.437232300609677,0.6547475229615469
-0.622398022944832,-0.785490680443347,0.6753100835889287
-0.7682789073057845,0.8023183232638691,0.06866335265350254
0.25267735427278715,0.9942694627539903,0.815260034306668

1.0165235290532721,-0.3848379755660378,-0.36992781340934044,-0.34479894931091404,1.3955669966585134
0.8541320755072437,0.611766691105831,0.5423716931190401,0.8208163349864621,-0.35086199585179134
0.718714478413224,-0.324270081676286,-0.3196801762849937,0.4766090794385178,0.9076328801843017
0.06648656403558828,-0.5339362112591262,-0.005339007621551373,-0.1392181433315305,-0.9920570053521642

0.35048663582657746,-0.653242632476636,0.4473929697441401,-0.5907345388770613
-0.5762443917848199,-0.4608775112320298,0.746401870864754,0.8551052953387936
-0.27717636202293194,0.22501043600039106,-0.2993306410185881,0.9772704346744037
-1.1206643703353463,0.8873156321221294,0.8380243460004726,-0.6351288528058541

-0.52359877559,0.52359877559,0
1
3,5,4,4
-1.628988155040597,0.5727416735565463,-0.3539384377720367
-0.1944404004200555,0.437232300609677,0.6547475229615469
-0.622398022944832,-0.785490680443347,0.6753100835889287
-0.7682789073057845,0.8023183232638691,0.06866335265350254
0.25267735427278715,0.9942694627539903,0.815260034306668

0.2165235290532721,-0.3848379755660378,-0.36992781340934044,-0.34479894931091404,0.5955669966585133
0.8541320755072437,0.611766691105831,0.5423716931190401,0.8208163349864621,-0.35086199585179134
0.718714478413224,-0.324270081676286,-0.3196801762849937,0.4766090794385178,0.9076328801843017
0.06648656403558828,-0.5339362112591262,-0.005339007621551373,-0.1392181433315305,-0.9920570053521642

0.35048663582657746,-0.653242632476636,0.4473929697441401,-0.5907345388770613
-0.5762443917848199,-0.4608775112320298,0.746401870864754,0.8551052953387936
-0.27717636202293194,0.22501043600039106,-0.2993306410185881,0.9772704346744037
-0.3206643703353462,0.8873156321221294,0.8380243460004726,-0.6351288528058541

-0.52359877559,0.52359877559,0
1
3,5,4,4
-1.628988155040597,-0.22725832644345378,-0.3539384377720367
-0.1944404004200555,0.437232300609677,0.6547475229615469
-0.622398022944832,-0.785490680443347,0.6753100835889287
-0.7682789073057845,0.8023183232638691,0.06866335265350254
0.25267735427278715,0.9942694627539903,0.815260034306668

0.2165235290532721,-0.3848379755660378,-0.36992781340934044,-0.34479894931091404,0.5955669966585133
1.6541320755072437,0.611766691105831,0.5423716931190401,0.8208163349864621,-0.35086199585179134
0.718714478413224,-0.324270081676286,-0.3196801762849937,0.4766090794385178,0.9076328801843017
0.06648656403558828,-0.5339362112591262,-0.005339007621551373,-0.1392181433315305,-0.9920570053521642

0.35048663582657746,-0.653242632476636,0.4473929697441401,-0.5907345388770613
-0.5762443917848199,-0.4608775112320298,0.746401870864754,1.6551052953387937
-0.27717636202293194,0.22501043600039106,-0.2993306410185881,0.9772704346744037
-0.3206643703353462,0.8873156321221294,0.8380243460004726,-0.6351288528058541

-0.52359877559,0.52359877559,0
1
3,5,4,4
-1.628988155040597,0.5727416735565463,-0.3539384377720367
-0.1944404004200555,0.437232300609677,0.6547475229615469
-0.622398022944832,-0.785490680443347,0.6753100835889287
-0.7682789073057845,0.8023183232638691,0.06866335265350254
0.25267735427278715,0.9942694627539903,0.815260034306668

0.2165235290532721,-0.3848379755660378,-0.36992781340934044,-0.34479894931091404,0.5955669966585133
0.8541320755072437,0.611766691105831,0.5423716931190401,0.8208163349864621,-0.35086199585179134
0.718714478413224,-0.324270081676286,-0.3196801762849937,0.4766090794385178,0.9076328801843017
-0.7335134359644118,-0.5339362112591262,-0.005339007621551373,-0.1392181433315305,-0.9920570053521642

0.35048663582657746,-0.653242632476636,0.4473929697441401,-0.5907345388770613
-0.5762443917848199,-0.4608775112320298,0.746401870864754,1.6551052953387937
-0.27717636202293194,0.22501043600039106,-0.2993306410185881,0.9772704346744037
-0.3206643703353462,0.8873156321221294,0.8380243460004726,-0.6351288528058541

-0.52359877559,0.52359877559,0
1
3,5,4,4
-1.628988155040597,0.5727416735565463,-0.3539384377720367
-0.1944404004200555,0.437232300609677,0.6547475229615469
-0.622398022944832,-0.785490680443347,0.6753100835889287
-0.7682789073057845,0.8023183232638691,0.06866335265350254
0.25267735427278715,0.9942694627539903,0.815260034306668

0.2165235290532721,-0.3848379755660378,-0.36992781340934044,-0.34479894931091404,0.5955669966585133
0.8541320755072437,0.611766691105831,0.5423716931190401,0.8208163349864621,-0.35086199585179134
0.718714478413224,-0.324270081676286,-0.3196801762849937,0.4766090794385178,0.9076328801843017
0.06648656403558828,-0.5339362112591262,-0.8053390076215514,-0.1392181433315305,-0.9920570053521642

-0.4495133641734226,-0.653242632476636,1.2473929697441402,-0.5907345388770613
-0.5762443917848199,-0.4608775112320298,0.746401870864754,0.8551052953387936
-0.27717636202293194,0.22501043600039106,-0.2993306410185881,0.9772704346744037
-0.3206643703353462,0.8873156321221294,0.8380243460004726,-0.6351288528058541

-0.52359877559,0.52359877559,0
1
3,5,4,4
-1.628988155040597,0.5727416735565463,0.44606156222796334
-0.1944404004200555,0.437232300609677,0.6547475229615469
-0.622398022944832,-0.785490680443347,1.4753100835889288
0.031721092694215525,0.8023183232638691,0.06866335265350254
0.25267735427278715,0.9942694627539903,0.815260034306668

-0.5834764709467279,-0.3848379755660378,-0.36992781340934044,-0.34479894931091404,0.5955669966585133
0.8541320755072437,0.611766691105831,0.5423716931190401,0.8208163349864621,-0.35086199585179134
0.718714478413224,-0.324270081676286,-0.3196801762849937,0.4766090794385178,0.10763288018430162
0.06648656403558828,0.2660637887408739,-0.005339007621551373,-0.1392181433315305,-0.9920570053521642

0.35048663582657746,-0.653242632476636,0.4473929697441401,-0.5907345388770613
-0.5762443917848199,-0.4608775112320298,0.746401870864754,1.6551052953387937
-0.27717636202293194,0.22501043600039106,-0.2993306410185881,0.9772704346744037
-0.3206643703353462,0.8873156321221294,0.8380243460004726,-0.6351288528058541



threshold de: 0.5, mais peut allez a: 0
